861575
861576
861577
861578
861579
861580
861581
96379
96380
96381
96382
96383
96384
96385
96386
96387
96388
96389
96390
96391
96392
96393
96394
829029
829030
829031
829032
829033
829034
829035
829036
611438
611439
611440
611441
611442
611443
611444
604776
604777
604778
604779
604780
289232
289233
289234
816502
816503
816504
816505
816506
816507
816508
816509
816510
816511
816512
816513
784168
784169
784170
784171
784172
784173
784174
213892
213893
213894
213895
213896
213897
213898
213899
527353
527354
527355
954911
954912
954913
954914
422030
422031
422032
422033
422034
422035
422036
422037
422038
422039
422040
422041
422042
422043
422044
422045
422046
173974
173975
173976
173977
173978
173979
173980
173981
173982
173983
173984
173985
173986
173987
755071
711451
711452
711453
182294
182295
182296
182297
157440
157441
225202
225203
768149
768150
768151
768152
768153
768154
768155
941850
941851
941852
941853
941854
552976
552977
552978
552979
552980
552981
552982
208873
208874
208875
208876
208877
208878
208879
208880
208881
208882
208883
208884
208885
724101
724102
724103
724104
724105
724106
293799
810066
810067
810068
810069
810070
810071
810072
810073
810074
810075
810076
810077
810078
810079
810080
810081
810082
621664
927423
927424
927425
927426
927427
927428
927429
927430
927431
927432
927433
927434
927435
927436
927437
927438
927439
927440
927441
927442
927443
927444
631504
631505
631506
631507
631508
631509
631510
631511
631512
631513
631514
631515
631516
631517
631518
631519
631520
744581
744582
744583
744584
744585
744586
744587
744588
228036
345814
345815
345816
345817
345818
345819
345820
345821
142008
142009
142010
142011
142012
142013
142014
142015
142016
142017
142018
142019
142020
142021
142022
142023
142024
142025
142026
142027
142028
142029
142030
142031
142032
142033
142034
142035
142036
142037
142038
142039
142040
142041
142042
142043
142044
142045
142046
142047
142048
142049
142050
142051
142052
142053
142054
142055
142056
142057
142058
142059
142060
142061
142062
142063
142064
142065
142066
142067
142068
142069
142070
142071
142072
142073
142074
142075
142076
142077
142078
142079
142080
142081
142082
142083
142084
142085
142086
142087
142088
142089
142090
142091
142092
142093
142094
142095
229844
229845
229846
229847
229848
229849
217535
217536
217537
217538
217539
217540
850368
349613
349614
349615
349616
349617
349618
349619
349620
349621
349622
349623
349624
349625
349626
349627
983297
983298
983299
983300
983301
983302
865394
865395
865396
865397
865398
865399
865400
865401
865402
865403
865404
865405
865406
865407
865408
865409
865410
304612
304613
304614
624658
784873
784874
930911
930912
927372
927373
927374
927375
927376
927377
927378
927379
760575
760576
598895
598896
598897
598898
598899
243320
243321
243322
243323
243324
49799
49800
49801
49802
49803
284204
374547
374548
91905
91906
91907
91908
91909
91910
91911
91912
91913
91914
91915
91916
91917
91918
91919
91920
91921
91922
91923
91924
91925
91926
91927
91928
91929
91930
91931
91932
91933
91934
91935
91936
91937
91938
91939
91940
91941
91942
91943
91944
91945
91946
91947
91948
91949
91950
91951
91952
675822
675823
675824
675825
675826
675827
675828
675829
675830
627069
627070
627071
318377
318378
318379
231429
231430
231431
231432
231433
231434
231435
231436
231437
231438
231439
231440
287700
551398
551399
580317
580318
580319
580320
580321
580322
580323
580324
580325
580326
580327
580328
580329
223332
223333
223334
223335
223336
223337
223338
223339
223340
223341
223342
223343
223344
223345
223346
223347
223348
223349
223350
223351
223352
223353
223354
223355
223356
223357
223358
244434
244435
244436
244437
244438
244439
244440
973073
939361
939362
829293
829294
829295
678622
678623
678624
678625
678626
678627
759538
759539
759540
759541
759542
759543
759544
759545
759546
759547
759548
759549
759550
759551
759552
759553
759554
759555
759556
759557
759558
574760
574761
574762
574763
574764
574765
574766
574767
574768
574769
574770
574771
131684
131685
131686
920102
920103
920104
920105
920106
920107
920108
920109
920110
920111
920112
920113
920114
920115
220481
220482
220483
220484
168373
168374
168375
168376
168377
168378
168379
168380
168381
66991
66992
66993
66994
66995
66996
66997
66998
66999
67000
67001
651295
651296
651297
651298
651299
651300
651301
651302
651303
651304
651305
651306
651307
651308
651309
651310
651311
651312
651313
651314
651315
651316
651317
651318
651319
651320
651321
651322
651323
651324
651325
651326
635921
635922
635923
635924
635925
635926
635927
635928
635929
635930
635931
635932
635933
635934
635935
635936
635937
635938
635939
635940
635941
635942
635943
635944
635945
635946
635947
67953
67954
67955
67956
67957
67958
620792
394441
394442
394443
394444
394445
394446
394447
394448
394449
394450
394451
394452
394453
394454
394455
394456
394457
394458
394459
394460
394461
394462
394463
394464
394465
394466
394467
394468
394469
394470
394471
394472
394473
394474
356770
356771
356772
799129
799130
799131
799132
799133
669651
669652
487123
487124
487125
487126
487127
487128
487129
487130
487131
487132
487133
487134
487135
487136
487137
487138
487139
487140
301524
301525
301526
301527
301528
301529
301530
301531
301532
301533
301534
301535
301536
301537
301538
286483
286484
286485
132620
132621
132622
132623
132624
132625
132626
132627
132628
132629
132630
132631
132632
132633
132634
132635
132636
132637
132638
132639
132640
132641
132642
132643
132644
132645
132646
132647
132648
132649
132650
132651
132652
132653
132654
132655
132656
132657
132658
132659
718494
718495
718496
718497
718498
718499
563663
563664
563665
365702
365703
365704
601953
601954
601955
601956
601957
601958
601959
290838
290839
290840
290841
290842
290843
290844
290845
290846
290847
290848
408435
408436
408437
408438
408439
408440
408441
408442
408443
408444
408445
408446
408447
408448
408449
131293
131294
131295
131296
131297
131298
131299
131300
131301
131302
131303
131304
519926
519927
519928
519929
519930
519931
519932
519933
519934
519935
519936
519937
519938
519939
519940
519941
519942
519943
519944
519945
519946
519947
519948
519949
519950
519951
777537
777538
777539
777540
777541
777542
777543
777544
777545
777546
777547
777548
777549
807849
807850
807851
994389
994390
994391
994392
994393
994394
932686
932687
932688
932689
932690
932691
932692
932693
932694
932695
196618
196619
196620
196621
196622
196623
196624
196625
196626
196627
196628
196629
196630
196631
995009
995010
995011
995012
995013
995014
995015
995016
995017
995018
995019
995020
995021
995022
995023
995024
995025
995026
995027
706726
706727
706728
706729
706730
706731
706732
706733
706734
706735
706736
706737
706738
706739
706740
706741
706742
706743
706744
706745
706746
527206
527207
527208
858561
858562
858563
858564
858565
858566
858567
858568
858569
862470
862471
862472
862473
862474
862475
862476
862477
862478
862479
862480
