836040
812791
436378
957231
79962
756017
853367
904183
846906
523143
815749
970524
537674
347471
631177
276828
400781
545018
391540
518694
188710
167597
610943
725024
473311
136552
859028
30041
779045
173642
52421
702638
736651
685023
350266
965112
17793
336816
989620
488195
311503
886920
289814
490790
726478
422981
269151
543827
293633
877450
146014
460717
751838
49494
74706
960931
41721
919409
932061
475298
811641
592821
553457
357383
907559
44642
896902
910811
780820
314062
272448
460693
170477
121934
260825
654069
740727
584940
378221
606997
655141
634654
661178
226456
369422
668071
459449
602125
640705
971262
627009
544686
906667
844850
279855
932482
91506
275440
688928
659908
20150
814806
724850
624019
970206
63274
139334
281662
544028
830667
681232
748521
87811
424574
395147
798976
295947
50271
395799
408303
199457
539406
689416
562376
671150
478661
547051
825993
609783
477875
968193
503747
637472
267273
815518
836772
1265
773584
386401
536906
507216
362273
646435
412372
885350
66868
72590
740482
15168
257417
648527
185076
834556
993657
905636
322510
830218
233391
260251
801913
658595
477982
717224
544165
855882
420438
353370
398465
461346
189691
774118
706677
329664
839112
255817
211559
198442
933516
282857
473926
489433
385186
788741
221282
687199
66854
718855
499523
523179
299089
167480
129106
272195
815716
764229
45318
59410
395808
210836
39330
537296
336587
766080
657085
309946
452379
228095
622925
17700
289946
245141
242449
644259
431714
824877
861782
571853
363368
572155
425619
889501
668479
339725
343285
120359
208064
430353
220719
237144
599337
775234
352640
401736
68515
224162
6644
969322
575053
644270
394071
304069
837920
44789
803560
564754
747691
303066
451649
629935
540382
878096
172357
233757
326250
301348
910375
51899
499609
912142
869691
25561
222738
976034
789475
737561
919574
258638
885936
779100
441791
823960
736520
997154
263138
968760
424116
759816
979949
618533
419312
271133
462829
578519
39488
793465
964376
701931
69871
459659
584556
409991
590135
270959
213688
805446
688388
394428
497616
980108
312353
725944
128490
104023
665467
232
994523
245457
532306
264685
746355
938789
733451
18200
116319
109248
731170
401316
221077
387626
921972
373389
667765
456400
164854
435977
816400
977963
363479
149083
818743
102360
820897
262765
346832
390277
795259
859024
304451
787662
877884
592855
504702
214824
526006
827176
94646
942918
609353
420605
827908
280819
706061
94058
405905
621137
996642
31504
120631
892693
714983
164971
63909
629748
867373
861609
790396
441292
86097
700729
292244
836376
900882
678522
39876
220991
995005
979103
897761
281751
555423
968232
849901
726018
454187
969161
809445
410486
83474
404282
21049
526548
738628
432081
970863
887391
992928
937847
379410
298332
736931
703468
864208
384972
314672
109797
949646
627237
306306
298304
124709
500428
983908
916869
995109
498855
911908
7114
583248
488403
338993
823682
610873
556206
423559
849609
340612
153157
639308
541966
647029
957096
759499
674022
67005
591030
698418
225614
790020
422984
197867
315028
908944
751495
2643
842875
8032
213466
176228
152180
924519
570627
669461
135755
663995
105968
811597
909994
634321
38758
223026
329453
310519
984960
803050
69180
226229
78425
171401
514888
466138
752436
416847
256945
199841
299546
247984
775203
842376
902562
309566
143949
506385
108317
266440
975592
226628
338655
503813
512790
713196
117731
161805
914555
768109
318189
431082
616166
938384
143674
990249
876766
335349
180193
187859
436111
872544
956071
979545
355426
531059
56406
942809
184685
575785
313460
405665
380938
937891
80198
599108
900250
717823
792209
552526
978395
385772
441786
142513
769831
924420
486319
66982
859045
463183
612916
996888
990695
288280
253564
944644
940376
387155
440208
891325
968694
705190
237150
427406
764792
502749
664663
925278
284637
673953
713460
750494
584488
665233
309650
264618
853130
794315
159193
971003
535707
348883
771274
142142
772589
184404
979043
620327
193099
163024
609962
712295
409047
733738
610308
675366
268631
208799
465798
210772
417952
854455
824594
543963
897830
798547
536057
431998
33988
963758
371953
844180
183096
610418
733019
177439
693929
539874
899009
107990
492418
834326
97330
436909
562927
716823
75701
551465
919157
109944
909345
794334
137958
749771
809660
970173
725130
161724
558327
15031
743613
140214
9846
477533
881136
676858
283405
908915
330773
343164
314575
697635
74711
865847
924524
639864
959201
876432
982929
201780
869309
670303
370824
203806
791967
515929
269774
173986
262702
464195
427040
750161
131986
495750
873316
616156
642210
897279
430267
561680
166755
392563
898341
842750
473168
607667
119700
59818
653088
31369
128238
335131
772143
186572
675513
831749
351231
398691
772425
274542
29670
114215
401641
608187
378216
101664
620893
666185
937601
47706
880942
259602
459328
880544
39935
180274
636977
574413
972855
968
201032
177694
29010
157947
725561
26308
653778
647227
51364
99147
446126
856721
313891
166193
377928
88082
411248
416925
229363
869547
712533
76392
307086
408801
298286
435289
195951
337084
482351
912314
137030
527327
410322
246849
926120
733011
245844
743171
616768
565781
801600
770116
43285
458404
390677
735184
597842
895384
789592
640752
885000
316748
675467
43876
992906
98046
94487
310631
442948
354344
886612
229842
158842
366245
249281
721471
690226
856559
174113
626081
565343
202484
267725
530171
222956
338544
56225
640235
259426
613759
522893
726584
589346
890882
520148
309106
677088
240826
588702
989326
407511
18309
409027
436720
2394
201063
396565
587914
44537
83635
459307
161724
748832
790749
392154
201519
344004
341528
766833
351251
417083
229494
649586
946118
634167
838506
833190
372243
675875
148865
128403
261496
96727
43607
601918
855333
875795
887727
739017
737239
313767
725214
931372
506080
119471
920232
114509
813871
288852
270831
351027
514547
375533
394818
333894
197360
593827
814952
152949
433278
141918
419760
74180
141075
512447
923763
701059
536169
288362
845155
661473
477119
22806
827124
660500
456808
423441
426215
261773
8148
779339
527649
557082
372152
663805
757936
956641
135033
23218
771848
351293
778580
554644
182372
117150
260157
689692
445056
555323
546139
169624
161208
42289
626607
34999
423754
777024
771988
501332
899837
67655
666614
160269
571534
841791
174450
481086
509887
463952
616628
722077
158336
428911
289967
835165
776551
300289
783083
88371
69146
777237
616878
735994
19920
985754
626083
312590
319691
559284
144082
548516
760715
777912
521113
947881
366119
206214
391324
697185
389413
958668
887508
642291
51992
118155
37011
374551
477266
56734
244390
936559
821037
78641
301045
154188
482858
992415
214119
318577
329831
641522
359742
641457
561133
252198
305928
367854
141810
650769
649417
720683
170130
627343
360233
764783
115363
112059
466205
695326
698217
422450
768618
798704
468532
795805
958514
536319
5477
353107
122241
72642
301123
12024
324566
678117
616504
904090
28025
961130
612860
37141
511647
108739
464485
363653
647491
884563
481858
900502
736327
683521
87531
121793
794635
812562
196423
372317
482956
217080
516800
80073
795840
135715
443440
267387
583812
882189
828350
287580
135131
329872
574158
170092
953801
113274
874655
729945
137239
366027
446943
792189
51967
312191
71034
447149
852744
769882
118682
22157
225140
964571
461462
922980
215864
992193
674262
558969
356220
994028
389122
706679
505525
800489
884302
579267
630662
90932
58544
422496
262236
39372
831404
475452
321799
200946
954369
814963
293901
131683
127229
306156
586346
996611
761645
749809
742721
19217
163222
271860
396140
671209
253157
171357
97090
706584
14905
52467
775986
908483
582339
936635
851788
666299
586636
327727
48624
823886
416349
32726
132689
429379
875577
814877
633961
704278
498050
784056
58278
16266
13664
807649
694482
142358
283125
568980
961670
55863
463126
704852
694081
902934
886989
721579
119043
469523
967827
279375
696946
208122
569675
317038
530239
974404
119928
770569
145473
571254
569587
667796
73479
245784
345826
183010
560743
479398
443370
78161
140737
112903
268671
720638
704914
877275
727212
700120
54872
2190
778348
865159
197060
197300
150546
19845
601127
327592
384241
477352
292621
328854
708960
229425
747349
17723
983209
434896
180965
172268
973497
775364
656311
457870
841573
633941
333459
294776
173096
25753
965481
638861
927044
640467
574560
896003
116749
563799
911975
808793
973495
81304
643213
388149
679909
851156
432824
807349
532503
33392
741848
820329
702902
765253
830013
997410
385444
866606
254005
206399
236869
908518
908247
130898
198096
936109
543049
949203
311881
455700
969503
334339
250865
284229
525002
71154
89339
682114
310919
917755
129897
617653
192127
439891
653815
229237
279079
945855
519113
74303
149866
591283
839647
928599
313264
200647
793289
500488
848793
112629
612008
894405
746726
239412
238444
733161
186309
720080
6916
430907
276964
714462
385706
654508
191007
441753
457731
976864
596152
145859
403912
429221
901298
753916
156328
858857
331313
32027
461083
834322
962213
365626
752844
846318
196499
473073
924119
996027
85177
185544
318167
790593
476041
883001
116606
885169
673118
339946
604448
451150
755765
827149
938109
870084
96457
953772
596202
970048
369150
281763
592345
978052
920523
199435
142377
753006
349360
669668
826037
832094
786503
691661
678635
718740
917523
4864
933670
475962
63739
198191
871667
203624
135220
345188
720748
271974
865698
8498
782878
768888
801584
777722
457475
258841
389026
660813
76953
525386
125766
331714
692160
722935
458412
494235
574715
316913
25570
310153
463025
318434
664996
270625
790723
310506
986940
563626
628145
302932
713078
425784
381866
973444
813277
392638
811929
139791
598506
397723
665141
202480
52088
835029
242218
182093
665318
288657
394366
919861
590455
402722
990194
148242
5778
49475
630955
872302
147519
739225
263329
904178
929559
523363
672211
691816
316135
828616
102741
35182
294360
983980
773849
435455
55704
294575
386455
510393
974688
441041
180967
184377
616222
709258
195594
8131
807313
850773
149684
470319
144591
339008
377227
452158
85833
751035
332097
980157
782034
184681
386692
382104
994599
13961
812178
591120
198532
519280
724725
182405
44492
456737
45115
563846
962181
660650
797726
246683
13510
302076
660849
88145
959338
112506
17662
308176
894177
697499
363071
979907
216824
735729
348172
529983
775189
539668
197289
633182
592828
290893
1550
637054
915330
343491
867891
492653
408043
998931
806611
346330
294726
304778
183707
389656
437108
994923
465123
281749
617296
713758
259687
86965
840636
93353
224779
748927
328312
120362
750059
581666
183685
588618
269530
111850
707182
891929
783809
282546
171575
335719
827459
427717
178207
421536
463423
665153
458988
925824
798738
640832
275488
579762
272036
742833
94370
689921
424075
954101
812289
396285
807272
360755
603582
858766
773924
782541
732216
301693
775646
566735
712051
904933
485381
429685
199096
447398
927566
608278
775424
491887
384612
768790
27572
22762
590692
659571
783354
893036
740681
583534
691388
73989
683614
497288
580974
11040
542579
334662
407399
54842
977707
453690
303394
121352
170196
698159
25896
643874
624593
671471
628899
110816
72587
99141
599717
976531
699474
940575
460078
606380
595880
504854
730831
984468
809203
841774
910362
15716
757664
145841
498380
680786
865560
720673
504825
617227
353663
662324
612307
448466
887818
224492
581376
581732
34345
175566
700771
671950
252328
785305
637951
990076
475119
233550
435269
791146
774225
700085
622362
188146
194907
903884
895852
402155
145230
351979
110442
725088
826384
476254
17599
693989
617724
902553
716223
350285
728119
305536
571805
799200
346779
877995
392748
831598
52152
679602
791183
478205
125503
266972
208073
852215
531976
202521
759719
295341
360842
10219
834557
600708
495905
66940
971879
433635
476941
27420
379223
38523
22292
337098
821110
971571
919336
538542
790097
794890
323410
90667
30195
609828
905588
14259
239446
576237
719653
604234
853412
96982
139676
986127
573330
913086
843926
965730
39455
905570
385482
251395
585083
574141
877051
640118
716656
802117
992076
531864
519957
122661
414651
857918
45557
656080
468513
194297
669337
649656
926556
549050
238668
222193
148463
440226
179982
247526
38896
777298
789955
540181
237615
252080
461535
666907
72517
865936
407506
947553
36886
36861
140492
992477
394234
137774
661510
847312
251030
894104
745779
460166
414253
207595
347485
990673
451264
421316
671713
444986
868297
599437
665632
635062
501249
152530
377886
562911
111735
252204
223419
309272
539545
342521
843558
328859
265843
568367
536301
930607
837777
135983
300346
404524
197797
657194
986550
356174
760882
812582
478384
506837
379886
142266
660259
633827
788249
320474
630789
78172
521954
375387
150335
387991
828111
756449
735957
848640
595194
677651
156117
231517
606590
478964
526984
654443
133743
947592
68875
816024
890930
595632
604276
393528
885281
647411
234329
206414
487426
359851
823700
900658
716239
536511
496839
477966
49504
610932
246582
867256
648689
71962
818210
669587
532462
480533
342292
472014
1940
501323
145801
878246
100277
929163
730937
426016
279670
752448
486978
44467
88206
691835
503548
951288
451449
75611
975013
628513
553209
741384
936657
139395
854873
937265
556280
63074
975332
478702
680825
433945
117235
604729
188544
249436
773410
300280
754374
236445
488619
565054
818671
939952
718946
110420
117587
895558
578739
103255
577061
908178
77850
9583
183277
86032
510273
383612
451671
488320
998449
872962
212031
456517
11457
433634
306985
21200
137022
725874
360644
166871
110049
172260
944677
874084
336605
361018
645348
873659
791358
744804
946599
342785
136015
284971
785205
970548
181009
266381
723134
962374
102678
97651
357673
240434
548514
377459
547534
271305
527517
974187
316626
715242
101666
486322
48253
647338
716770
676445
984630
848737
524109
410361
307445
705646
53284
347253
385007
929946
369356
29174
945189
748863
435372
41242
80655
512031
982371
21146
945085
745695
468514
969119
258383
836848
44605
772129
65918
60409
181111
134369
928211
94573
752618
616231
813337
507569
871169
710810
472049
843181
818486
668951
121634
245492
558124
380398
444123
786976
443631
923862
885271
171783
478885
826875
130312
239187
991261
786028
374474
413948
417089
972435
689241
243985
490175
252567
97764
137799
772570
365444
753524
939536
904729
311319
309723
308455
75651
787514
814000
543438
591292
979624
782771
652965
224576
72866
838075
170855
912699
970043
408512
799935
743829
276304
213385
5123
907960
499203
790132
549149
777431
349675
797633
35678
930809
309822
775007
558269
452071
306707
271778
681033
176287
111134
663929
722086
422047
230075
811684
913378
153430
604917
876881
262474
501038
663504
997338
157834
880482
478873
715319
615641
404719
869166
529678
521911
717547
894934
738479
3324
451018
854480
238809
522350
106000
269832
377589
907809
775541
80017
989826
168723
649811
665932
155389
104505
829135
896660
276251
697751
206713
758920
216644
393734
223592
858079
50987
409814
121690
57754
949085
723873
553281
709565
79338
295468
132204
75209
777887
493383
590952
25507
388026
730084
165074
661840
668982
457104
62812
606039
511315
615279
949343
882335
44193
68659
16303
684649
676201
996055
499163
197024
606441
69199
536951
691512
704958
631602
866328
869487
49055
860673
364062
45721
962282
20646
229112
538434
805044
575352
658159
277697
160162
997320
433062
652571
585054
209338
888636
178500
623733
114989
512437
705678
471406
978341
880517
775390
208801
941338
590042
29054
873283
97690
929663
71859
137659
11269
465922
961408
76830
823763
848335
814203
457664
561276
876995
482686
472524
201603
620175
664849
433975
641457
683905
797631
92468
22641
927230
649039
675871
304176
446918
451606
324066
349758
475454
395376
338042
150525
742408
316441
392361
173914
5400
487423
141544
120138
197486
594997
636370
316660
448789
811832
176856
505204
811620
457222
850855
425580
6051
511557
110421
106170
967882
78992
591453
999169
311764
917876
319130
923657
493584
43041
740706
591584
418569
574781
795351
870520
284898
388746
573252
198223
802391
121792
289323
285667
9286
132042
618726
646986
83427
982488
498905
38276
84891
599879
863074
935623
682617
123339
659019
584872
394205
318707
659914
654289
778002
178517
732124
874291
436878
510922
771237
382086
577109
520769
210118
256500
890684
616745
493434
713941
282693
800583
872936
887941
72009
703664
536872
937071
498130
248775
228044
681813
803418
822649
629965
469011
944963
116191
449684
789958
198279
629107
178400
568414
696086
974017
325019
522089
293869
133317
855739
958145
776194
161326
587844
831525
279102
165276
321091
955519
966809
879188
914575
739424
608136
286904
860440
319669
531253
272761
948876
797987
711771
8106
419447
896020
463530
554264
516093
4342
497477
749611
585238
962940
20386
791559
580197
70709
532965
400302
499323
689413
108663
729402
504116
461325
850722
233259
816958
111137
955214
25126
86591
876474
840519
288445
61432
75784
850188
758432
578982
96879
269369
443849
428442
98264
116005
564890
324100
87894
854207
321290
563525
684685
886093
609305
484895
752458
175844
781559
150480
187986
491434
499749
983579
126146
924134
569562
463670
400164
979575
426824
912111
247301
944965
737720
833474
112886
80208
275235
49743
998382
282355
595949
636919
163450
920196
696689
271119
48114
11112
31702
952406
424203
316161
780780
905844
898506
514841
953125
17538
638460
757324
921594
605512
746163
278150
35905
230924
121001
406195
21281
293326
985320
622143
569790
172312
805574
243106
249214
171944
449640
83083
898902
362540
631316
131348
178030
549811
877148
684485
817199
435561
186567
644212
423210
664833
191957
485405
901603
688663
282000
732128
122018
247778
513627
769877
714205
807506
748922
65754
927909
633542
450296
251265
868163
44608
359945
58416
284388
382074
334659
347792
669325
501133
571745
953585
890866
759873
923710
578009
776217
813192
60858
229181
497149
509152
28177
833313
306300
152788
501781
693256
143407
879262
979036
589414
920136
993033
668893
603934
952527
382291
196634
393976
401392
330245
953111
516611
527659
340024
647729
271017
992991
595045
519882
364821
452844
256487
778640
307123
836095
436981
761896
868593
192140
79196
144934
55792
526149
255904
796346
195043
611448
806330
893312
10387
59475
249908
19718
686191
809207
119477
531968
484742
438399
193736
792380
470280
692184
415172
251768
230184
714445
688826
763733
905310
20164
589120
420748
79723
383937
596285
828232
26487
348048
233022
79487
573725
773665
445037
217044
897127
861048
905953
694530
373749
595587
356277
821774
232803
123255
840168
687351
951480
573475
756517
231162
331765
20057
407313
400261
232918
210058
513500
527734
217288
666456
857033
509090
664797
180324
285107
334346
810268
236032
842726
125743
931235
321571
996911
419414
173421
327669
339694
172307
600224
830861
363618
523510
930265
416357
53143
507358
559278
958095
508483
864955
996867
457323
394580
77080
369904
420879
713883
867540
898763
847812
895965
927235
529836
684327
634019
393016
933373
26832
377070
156411
572088
570224
1866
939487
9696
8215
481518
155532
801475
289529
221484
242717
550719
882518
748280
529274
321837
642159
553576
893454
839089
69993
959827
657754
736800
930686
964326
34719
492696
840931
617856
79102
432844
765253
605718
278770
688181
918124
573872
496326
94899
546502
885974
553570
370988
826169
288422
166608
993704
624902
473304
886966
21694
85741
381675
371381
859094
212442
687175
53111
77853
54375
88413
82598
466255
587186
236490
654981
89258
467465
940348
522330
137197
545383
990987
619877
961783
978035
786099
829885
525007
144041
530704
172306
138754
432404
44349
11248
366222
558058
593841
562845
772041
71222
27715
414585
111884
42270
986317
75925
658303
291676
206125
387590
454197
542875
537002
373275
185042
271987
863977
626282
929260
169510
51297
877254
376766
141093
534019
155531
949357
779542
813765
334047
616
547123
324655
762044
492581
336928
577842
994695
659974
83646
727610
239527
189274
76808
821013
785659
866272
343396
288048
782419
915338
543581
164176
941867
446286
515965
994576
169591
39964
788891
475029
715534
378874
204903
304233
772589
617278
333716
548245
19590
691826
605629
758524
67776
14129
801558
210653
232892
151421
202734
511931
633126
961785
564145
192959
169052
376662
842950
426077
55452
832441
665301
128148
462936
373444
154706
225167
441278
665118
301685
354746
655004
551514
139550
913843
262968
14450
347220
352691
347186
868473
684205
790406
419068
995814
390838
696002
204756
420819
264931
517296
913085
581326
737732
417388
823780
393896
715325
417986
16920
732523
735044
929559
307380
854432
574196
624016
513569
59161
165467
389070
479567
178910
363227
760413
651824
601789
715832
732678
272346
400928
304664
204672
692986
264654
97362
584056
201000
480399
994428
502589
939090
378812
951507
546942
206075
759641
351285
137421
541111
80144
567282
725397
231504
18314
187938
797996
694904
709504
787444
340900
155048
346219
43671
161391
438941
252966
517848
12561
549329
420288
260352
296802
907556
570098
501678
599265
412847
895783
182810
5772
136747
304506
247562
407912
864910
824544
350178
66549
825190
271289
159110
803476
593509
814107
962259
617839
276513
864097
604038
7485
632073
7640
224600
900159
365068
498887
271435
219830
817063
825493
560686
611370
755491
485312
931049
889617
550813
677631
27396
845
90984
964837
697043
398378
589446
240328
353411
569613
849247
137362
708357
130144
5893
298285
379753
405007
935017
113887
321136
398920
755601
635116
125511
478848
790616
194365
107511
687890
342213
508912
397451
177236
604103
902941
207927
906427
890658
700593
918704
197138
86681
988049
263521
225179
737992
563599
928084
799222
588085
862446
519691
360688
843384
93453
557825
718838
187332
619275
37695
759616
286629
885518
285812
468284
781632
106490
887196
589067
120335
930346
418330
991547
716563
323154
405731
986020
693280
68287
227058
543876
334921
667836
512838
944588
337256
362390
660621
912326
475577
523390
141000
956785
955499
34183
591024
258940
500038
654724
264184
347625
706611
987652
586409
295712
310216
712231
517308
879856
560700
66824
408246
209187
547706
134387
194205
299735
221237
582404
253220
329995
323992
398609
244019
430579
456906
218668
367971
832306
371993
343887
335352
804661
15717
924089
843512
30066
268716
443031
859587
101431
143754
445855
785608
708572
512610
239138
789945
942642
651216
326753
52698
818822
99612
550442
998365
384455
352706
577928
196418
536198
41612
231581
675900
384917
369339
760970
831650
861757
903547
180491
700262
292423
329288
13251
82524
486736
406688
93201
553351
532543
310056
417028
644631
94141
398692
396058
901326
31877
976191
780551
272912
357501
259068
195492
755129
805736
274028
316926
145621
697792
132759
485181
402793
836892
318652
290696
711616
455297
840854
135131
767717
279458
874047
632505
788728
560755
315891
329971
81839
540558
247118
153284
62909
640088
735573
541632
746221
90683
734634
968725
122973
772048
720279
551846
139693
841840
984921
33065
905197
432286
969560
556911
806844
528213
11446
994518
844476
866213
366984
273550
564115
451313
505208
345793
658431
722902
739607
371930
335507
310371
366915
9457
100119
181777
439073
868471
125739
943051
618714
651548
31686
878570
12407
998502
208330
352079
881484
783237
204533
880023
258796
933226
129705
132750
726619
83707
173951
986468
230746
881073
163337
702467
823380
914673
23020
300066
445543
574807
174371
451187
729442
119641
118666
149824
704701
431074
616743
403790
569760
845939
986574
417190
962399
598230
964060
332738
661848
494396
171476
805044
140281
270421
786339
289316
239925
325240
513855
36469
436437
345580
870134
286404
249871
68830
657859
381216
429395
830951
618827
375980
579345
56573
717292
955547
534646
931389
343571
102390
44940
830071
197613
221879
934869
85001
352633
711249
518192
216702
865236
812981
364788
924306
576711
618
11449
666006
897031
815626
555837
107184
923085
618393
361453
324336
981197
224588
307575
97766
79629
501851
915814
477690
966946
495158
357130
922624
471934
160875
241793
571447
448202
977082
261177
40060
457415
33394
67606
428767
678208
920060
999250
937577
529297
600578
266991
445524
785486
333364
550114
971967
453080
622046
393640
77399
904794
45231
98165
950133
995753
478464
374637
234512
205107
596139
127764
360758
742866
649598
604560
679398
751621
618752
824901
750406
255495
193162
542583
46412
633821
720961
976575
870793
233078
90060
702345
220857
324746
523539
994776
86294
179740
760222
206879
802464
949610
518924
345177
846422
440200
69464
122984
896290
202501
653447
178288
554142
260718
84436
304295
548002
588813
929021
126009
723557
562689
966761
143153
230736
295255
215136
673761
358429
240230
587067
897696
514546
626126
632889
651132
202356
493686
916747
373973
87624
344954
558355
406222
727057
408158
517459
648266
663957
119033
461877
746711
311647
608700
297642
599631
497206
869060
53720
700577
617740
804660
490075
16505
873026
480338
898346
620335
196051
233709
553683
415136
553193
772826
649193
117829
952307
255656
820685
89866
766968
221654
884018
285420
858533
668940
983423
46887
542068
676381
204073
946861
26082
491935
422834
912333
990913
20186
139915
133812
496975
51528
89887
413136
610793
452892
898926
261118
599485
224835
426628
995773
123098
390045
790606
936364
845027
414598
787104
228580
194464
311423
876996
865125
629721
928992
982688
274998
560430
536983
376549
973100
742889
800044
474450
729186
790953
243848
554579
490599
413807
214800
976457
197167
362145
274757
146149
563454
611988
340805
351561
235605
121475
26074
268741
929895
641773
832573
72998
657567
52839
64680
729174
939921
459881
646231
174743
997440
204788
973837
180334
78984
534
205178
224932
500233
771868
203504
161134
650891
662268
457465
489932
174755
817734
9485
470024
288261
701095
941363
363876
721384
387832
712988
258009
569263
63575
42413
828576
477990
259254
117598
816645
492040
995747
564165
369431
404937
471872
651154
612906
549572
698646
285793
615708
168297
315976
844797
895793
891886
446170
814349
883846
765
705049
445848
512273
451855
365178
612431
757700
892563
174794
391320
709282
399805
743830
189071
664789
999096
359766
295138
568006
106248
622348
96434
273188
894076
274569
678719
61783
180029
261044
427272
188544
701407
908076
160994
218192
755633
167080
872240
521383
22336
644124
76888
331917
194406
121859
850520
521932
877334
893467
687764
878856
410955
407908
618390
520582
18689
771365
165967
407155
687987
511221
206602
363394
660896
712650
123870
311354
15406
637316
155523
701518
561107
189751
888107
680464
413619
943149
528456
749303
38128
685841
406418
794557
551816
463134
506997
977566
4296
819110
904151
6587
399229
907560
806068
217455
757970
808972
213130
681514
369572
569783
896322
220416
119150
886614
272540
443355
456670
594658
454157
266018
644788
104120
236659
444702
608741
327591
662789
727183
137176
270276
81576
477892
312645
380529
77869
19689
152062
177944
654650
541237
853609
62032
607826
833526
298590
531022
417679
682544
533375
868364
89250
27943
8298
703600
153030
950207
132313
120880
584151
352913
166519
593491
850705
259219
12544
462494
44570
519581
664443
462682
445310
851246
741988
894709
901742
48176
57720
650924
998227
322803
545624
703000
782857
133126
230808
45143
575933
973301
198543
839245
835636
486645
328637
650533
706022
41117
69934
418488
283902
551919
249541
432165
669811
350674
499125
646031
779589
530866
632188
639633
831645
149476
906917
759239
91581
420980
979455
73756
872232
58056
581060
95122
181352
954780
526934
656319
645437
361460
60388
791357
887937
614652
212019
755858
706301
826560
346672
802511
467953
445229
711526
164237
347953
878947
206693
790448
271557
4265
367165
987182
164158
60006
267564
46649
431395
927251
243013
794190
442481
18486
475036
647513
537761
929268
316397
9315
905726
685698
474753
188892
315016
887152
7828
208964
678328
162549
526276
816726
737925
324298
610420
801203
654985
15340
261548
16475
953858
282556
709900
65722
51327
453092
655875
346960
381265
925373
327991
232118
571641
108445
726486
179889
494939
920484
309347
393033
473010
398944
602812
438986
335520
55492
524364
808602
563777
287374
449158
332864
615508
391340
18167
727114
281103
437861
805110
611592
655527
800125
370501
708101
960801
333668
383555
835195
970858
846080
59870
774646
506705
464756
658701
69489
123331
292705
693219
458585
965136
479077
870982
337399
440054
34823
55697
248164
569255
935879
846538
688105
533611
161883
726019
785114
415115
334748
309623
347879
43014
795539
31159
993024
1792
217379
57310
103190
426538
799610
365207
958675
51497
965945
933951
177237
326905
964137
615893
767966
898791
453537
704177
24484
967084
602084
174695
862684
454582
201618
425540
510380
606014
242186
776385
997518
278668
531175
451156
528484
54058
108721
864870
818787
496495
623368
692538
83106
716814
103843
808164
489642
300513
433514
680609
563217
565521
590483
777184
828646
697000
110362
630821
290646
876934
817168
386254
323408
882666
451680
950363
536437
310181
185003
325833
384995
954982
709653
541346
688187
162483
57831
510469
207949
748318
667149
290863
279044
38721
91352
214964
548314
286524
69862
14568
198213
490435
61475
21768
572236
557334
808156
677943
802425
432730
814020
206956
578461
106948
739351
590848
966881
297083
326421
150700
134787
819558
33307
882317
60571
99054
15073
957616
342762
359107
567807
437407
431795
630393
229915
968749
466381
977595
406110
844648
262002
696722
395655
590057
569666
278348
975657
640512
311995
769464
339131
744891
640770
539549
167820
177404
182273
740373
635219
990123
97952
679504
306433
482664
993716
284757
563725
341598
735174
662423
489324
809707
614978
725173
457363
987004
212124
962387
227255
409610
883508
538790
529884
11161
857937
8069
176173
407445
639794
746624
242086
500811
488321
109816
972847
24690
262584
930210
598809
949988
210001
749120
350430
934446
42102
712418
469672
887359
709845
17439
608722
411037
27744
622060
373153
79761
198671
927452
977244
741952
866061
996177
898202
243472
754262
87272
271939
889147
601033
713589
765186
973809
337232
60404
710736
347308
207430
21384
348887
531769
990340
509271
222586
298033
884446
322092
991217
912839
695024
102294
209789
68071
513770
931426
406059
431449
890496
85633
138295
645413
447557
471905
808789
128073
853458
531941
420037
499217
362661
926541
231183
307424
767185
10792
226013
58997
731882
755920
339007
769369
636861
54030
218799
183420
300602
920640
604291
436772
696551
221789
346083
14294
22519
676904
639955
935592
56090
477278
253569
206725
326220
51107
804109
157886
579059
653906
399500
553471
152940
166323
625875
540399
566765
515149
662795
686810
579786
442916
342740
96944
913676
331177
909473
631469
339896
268952
741292
160877
535472
938885
954847
83786
835701
595003
740176
666557
436967
131386
58121
497867
946604
95964
527791
399110
825824
429211
172085
110628
761492
352814
936393
650721
210839
231102
785841
477848
824389
712079
815752
898116
245777
639204
768596
740450
354969
325247
26045
586878
402372
138154
363960
487061
103831
746150
123537
958734
683667
484283
94396
584050
706009
379693
817365
322471
825123
648286
30632
812279
717910
239093
967741
470500
911291
288876
629391
13264
774632
270460
689631
332176
719552
900826
645015
570075
496463
855427
690719
123370
214683
133708
215548
150169
153975
998905
174288
395471
770490
30928
673639
231674
715981
681986
459477
470979
371431
502102
108874
195346
568959
493093
441478
171457
470001
251698
126545
104115
124404
502420
638346
209533
654183
218951
971070
845225
851942
435376
762416
967447
144098
361883
122107
118865
386454
131378
805996
215347
750589
732817
458326
814834
550026
651252
738637
141699
608942
283720
135260
159841
368476
779944
845500
341095
236809
782849
995180
943981
274234
714315
632851
705235
839283
709881
655831
651970
605087
665436
895048
510041
493986
603915
85336
600840
201347
329772
755396
226436
145324
165174
372073
353614
665878
536274
28612
261878
991017
521541
418653
972397
582136
66233
202998
892675
786788
804159
130373
359149
935528
823379
645537
664436
13304
901378
534726
331088
201748
192794
756961
827711
565260
565582
627642
429906
52235
131265
730543
576452
15789
468466
345510
569761
122706
315733
467890
243430
37962
202163
625525
301500
552629
951963
111984
506139
571516
999011
135904
980360
647161
174798
519324
265699
733388
796631
723990
402637
98038
487036
543029
768632
534392
779923
506980
364882
93249
538698
731769
842673
498627
647036
786283
326791
264068
958418
737331
2468
916756
437056
738449
563199
164930
29965
306974
815474
750312
12631
518148
772767
531464
498781
689596
576657
768335
195191
163469
40770
543931
954414
333086
3861
556446
469769
136307
563411
345744
665740
744309
250840
38955
404404
18545
32477
124551
437151
891098
632192
836621
921860
226064
549173
532198
478264
749782
419677
580734
877233
525939
26535
789396
646623
505339
912784
720958
76033
547871
548390
742965
836152
99349
835137
178498
745868
409450
758134
600018
95574
372147
22141
396485
775477
93550
265009
642812
948603
73489
729816
201628
660746
424634
738105
163974
151966
987757
458999
637231
821670
471897
579274
969999
339597
678005
333015
381145
10597
641155
439577
41156
710665
596977
924825
777592
407828
303971
868421
46096
723536
153698
8218
841676
528541
93224
506068
564817
498334
261823
395866
533729
480714
382689
302335
553995
298905
266598
133621
641495
764579
674417
418425
765440
334997
912811
339452
353157
390644
834146
384005
542278
361972
510809
311478
556215
811660
165509
44602
662541
273625
245151
739021
46047
698530
644533
541263
957633
718276
117557
754089
80998
961600
783340
617862
516724
648903
182806
662372
728893
834283
42110
100634
956914
818810
44121
399408
53050
931073
796592
943451
397643
257868
357293
343455
680389
2120
351858
233074
178765
782053
271932
169886
954315
125718
819306
993083
737120
607970
548119
357278
895575
735218
564189
398922
658848
580213
793840
518269
615140
715840
596039
136617
1664
17326
82320
851792
172883
100028
589114
223731
972576
550703
270317
796390
288602
778540
636117
572851
886325
868597
478164
670919
258461
100217
823385
42590
528812
787419
133738
31694
578164
903995
437610
950230
63251
751594
707644
840504
230770
923025
599808
271381
822797
53169
718562
3534
966142
506493
39357
447145
5296
522113
963927
953450
687566
917496
157326
905433
587942
486362
395584
695891
978096
863771
212088
82356
778297
929870
492123
189873
912150
145159
213043
38247
316678
970405
19653
963017
118346
517343
958339
784895
629483
864155
684120
11186
614948
925692
313246
625954
66945
742689
759440
365127
917087
152678
932215
241498
376560
534283
777967
793867
349997
46017
9130
242043
359843
157727
277441
396927
951638
56365
329754
492017
876438
113703
432043
574386
190582
496411
166465
186895
29733
612161
58321
498233
33599
450215
239512
544835
827500
914837
278633
614320
471614
776010
910130
706759
196764
339248
101416
497538
781255
5959
549757
768907
120767
385051
56998
635247
858440
845857
258148
751740
925321
400913
7720
394035
342523
119933
725478
467868
603307
456411
986946
778698
118126
965748
738368
557616
553310
219733
801546
281931
733547
658540
842171
538462
302438
590052
730312
223990
289793
472655
334130
503783
964168
657940
127791
42618
513553
593268
694524
204892
387075
349336
169344
447092
389610
162197
544396
326259
494439
111858
184987
230870
34999
957886
957465
232166
884580
807123
905749
158478
633233
402146
363965
447460
876929
763659
999501
675085
730394
535145
599688
138662
480850
442109
767624
180082
190419
459728
52444
934821
54214
849937
36868
149106
420135
235131
531882
52770
14855
431931
584392
734371
947682
261652
109376
63679
475467
12868
99421
520182
565943
535335
66087
433252
432405
241307
453211
745272
938877
602720
4202
564644
981919
177977
498117
670565
62265
335662
20511
77911
220587
32488
73409
907540
311801
916040
901552
306796
711347
69063
660670
176835
88798
323775
575870
536451
329853
874583
793652
193073
48893
869214
407128
420356
163516
518995
426697
623684
105787
855649
567252
127497
15092
445471
569134
628878
577423
396080
818623
833886
671192
456720
540401
258241
785388
614791
548255
870462
434054
955982
70269
743617
630673
590287
99954
616725
183804
542786
535371
600671
428180
484846
400703
40327
962404
333463
535338
247903
111857
702241
505217
16825
991782
300157
951424
246852
595146
5254
553740
285765
959594
141085
353907
573664
608440
855854
379404
676009
930036
926137
546798
3381
549458
706676
323391
248227
793800
392692
11843
145671
312398
768553
910487
91497
699734
140970
85163
184501
357295
427342
17171
561764
164987
370377
911015
561966
444953
255798
24407
563655
548772
917205
140929
920867
59211
793329
127682
7374
879672
708159
617376
30668
846307
781102
774961
100613
620823
273130
684198
564784
885532
832281
629095
437036
316010
341790
106594
706643
756043
996570
333050
666150
453716
833792
317168
495419
213895
545044
651942
215701
389807
430389
645932
812568
217629
999641
800455
55080
43686
682177
523929
647256
542834
964305
108147
158732
220579
437530
392578
880484
552759
290571
920464
96824
699933
944071
308722
445047
274043
876271
695601
53532
189591
725632
180319
459110
355184
104452
327821
235773
495337
911439
291411
59263
90332
722472
817864
631270
203592
441129
886304
889922
850355
660573
745395
358660
129364
778749
211544
641830
886433
587818
546645
685850
884031
329667
302376
535637
80681
582910
649082
89722
797102
8273
801193
525462
486286
486915
417970
576588
344685
768957
416040
136598
96789
567047
385939
560882
292959
768559
681049
122196
29516
885143
315332
222595
10097
193002
998108
982139
871630
594318
994848
744812
580552
197783
561356
115286
124778
423797
496860
354357
782972
711373
798251
615280
649487
358790
860667
831019
570020
914298
572786
348485
300931
952701
212350
738086
409317
789272
924660
668954
683766
213980
462640
868925
128082
883987
487255
14154
787421
905757
861013
388892
630966
642663
96120
171708
633589
394909
952657
171792
750131
766960
952902
934114
480793
447348
776153
853317
329052
14112
711138
197159
427730
19969
322082
693486
139372
941845
128862
170348
371610
346431
912750
818640
692833
761310
58028
336601
620809
648452
484148
540189
597663
696249
258687
4634
363744
487099
805672
239675
689310
221157
718378
655707
664493
414711
382393
431310
913539
589493
647575
667773
412186
473670
416970
153254
536045
481626
400464
284709
121974
573435
588969
444763
314284
141624
561088
401726
628501
699257
25947
688803
510543
7819
700628
648180
317282
540169
674048
397316
625893
777428
913744
611300
142974
301564
621135
342804
193900
483756
450177
512508
672188
364074
943814
738904
756341
583632
861995
852677
858732
712537
557000
740559
872749
187087
949771
839312
938281
813047
305960
521034
52883
382083
677957
141182
844582
315852
455051
865999
176973
772360
283326
396417
804633
263808
563131
341393
928854
204205
497445
589732
22671
537505
798560
484170
956544
180818
413330
306435
153225
884405
316315
291763
616582
484428
312699
627081
871588
792796
508198
214156
427690
894173
2315
463781
27482
125303
519340
787063
565670
317128
50641
156976
468130
186525
537095
186901
510046
231622
499076
941641
115191
317035
697596
412105
421041
584523
791207
174392
456895
269841
749738
313306
109219
325843
277146
76465
322601
256663
263988
24174
364236
919830
431767
404862
817512
118996
962503
343985
718366
455322
552329
384876
686969
296343
991044
208656
824739
633736
231488
582802
548793
476585
209418
286524
467714
195368
649633
22908
384536
797240
435580
692910
114271
351606
884063
434577
978374
568577
44248
518036
291992
309249
810736
631030
223062
73719
572429
546703
217978
218183
757171
122907
916383
629001
497104
579793
442597
380270
96356
178407
765197
445000
630717
163190
412733
927859
338577
775170
611952
518175
705665
972348
822705
327206
694347
829172
50349
53530
711693
635654
111893
852141
485498
235408
287022
363041
232465
369762
644078
860765
909594
932798
254353
35756
530987
193235
761835
271554
957511
311221
970937
754524
73683
780768
620130
923048
576919
803299
556860
510715
705349
361377
439570
285200
971727
673127
186329
44964
480227
964078
628036
372311
798846
61110
43531
127576
889312
488465
47313
764862
404818
366977
300709
716636
89479
977778
240666
345373
384356
629033
187073
369444
696197
339512
610551
763726
670861
862658
243402
75846
308156
490173
895537
487467
421882
559071
626458
362961
743884
621334
395032
74256
521063
41410
658754
784954
815861
210324
855418
341877
298698
671431
410568
722403
910936
188444
109734
214473
605117
546718
24662
205417
920804
914685
340838
319732
291543
738078
587419
154631
488489
936844
758609
754051
374953
569443
986971
723211
338090
2411
29655
307637
198830
500885
95739
624762
81750
997810
865522
196314
45958
849641
153947
73316
746313
495154
654248
188698
402769
38169
927032
235650
533417
726934
696319
163232
83905
888817
852380
894839
512989
373924
516598
32567
542905
451603
681602
532391
608303
306283
278627
810823
408909
247108
92007
911212
407022
582514
612572
767984
472714
739892
468989
452401
986727
19303
380902
946554
239597
496112
575118
738329
201486
858057
171713
973506
216976
782343
821545
667344
826737
856774
599474
66806
322482
285461
898692
975326
665343
667933
231707
860583
181535
508584
271236
393061
965828
54603
268878
229052
295128
286728
404378
457910
820143
175711
435622
776922
186750
124096
555737
181956
824975
313653
693964
707009
898901
896545
439249
168621
357025
56429
356451
281742
862367
144977
849868
59246
246428
858107
111628
207012
734226
607615
746448
845850
808286
503351
454743
236935
325201
461574
717705
31678
131170
788756
193656
915122
972597
22667
639004
553004
27835
844189
51450
54800
210431
676557
420979
614781
340062
483089
924162
684945
995286
155965
608320
216854
22611
374200
830349
160852
431754
985696
590980
376393
212699
818927
854542
157287
641958
89711
531213
312428
387129
953450
771933
238322
320538
909449
851052
707552
746258
893498
346552
961959
301206
361159
735791
983927
170767
410925
992323
934633
305504
342719
556302
678270
830003
374085
755206
99217
118262
742612
254581
128481
652559
378124
156814
466588
127383
821608
875072
856646
627797
58208
505167
148363
531431
8716
222230
233371
414466
133369
933788
45623
179908
738227
101089
257744
943208
562923
569518
813824
691324
496260
275985
400238
381728
855364
526769
763700
429709
114186
649822
566301
98972
378459
38068
406780
756407
563842
916496
976703
460246
159768
676226
178663
362608
838823
411362
749558
488948
54491
701501
190311
617446
243311
515640
498041
960116
366695
22376
825987
992854
514210
600460
635749
912359
714151
760430
853183
454674
92692
700812
295781
135298
23323
343045
126262
776283
653210
633279
172706
969518
81461
358711
46983
216451
834537
702560
444265
87426
921873
867880
271384
459577
608002
691922
711154
189714
687403
363083
830020
43154
55516
629465
367701
647517
646436
649480
395584
458092
465995
385820
45465
446736
431162
908696
731793
284179
326085
956328
877092
896364
599066
436390
860371
124707
754145
903023
676769
742774
932728
346066
31778
302738
732462
679139
781144
313973
928800
130542
130360
762251
229309
321090
239269
237410
220530
232201
614292
651976
181925
606047
838450
759322
179574
947026
464739
939351
372148
403011
396200
781391
219592
510848
970798
128306
891458
969308
206199
11203
641196
426363
382620
882890
340640
638891
750004
347434
712519
694485
307039
397230
133843
116651
502001
154325
261835
62266
142886
4639
872724
216658
836421
311800
622107
301250
666863
348449
255171
833537
539718
436799
366178
715387
662101
142461
282480
848642
446686
404519
680118
396477
684819
948249
562185
374061
313807
235324
245601
430411
233978
490309
10484
121811
528951
368455
461461
892476
640629
390394
590378
372520
883813
417421
416420
762016
502
216831
638811
941522
119116
176410
413834
44451
673501
645384
783488
2089
64195
336897
580812
895096
400827
624035
927812
583271
92609
706504
688363
34606
238394
234737
342297
786034
686777
323699
178829
832480
347599
661913
265474
436618
850404
241263
850030
322686
616408
401073
796420
245965
242349
669751
143764
951090
995006
829506
90747
576360
805897
458493
787275
274812
533456
992448
927928
857408
283166
971502
133247
483492
645613
500037
628638
795610
383942
286590
15498
799213
302768
274614
3257
863725
70255
443283
778408
351336
628030
995330
86437
977577
155743
850959
848427
789781
758370
314537
469598
15189
307915
7073
899114
317200
415910
483728
867671
372638
376754
543193
7023
623631
166967
870682
50471
68414
700023
492375
266406
6123
25914
382167
941398
449229
878028
232279
915803
167965
420872
46287
410923
874637
395909
98135
738861
33306
868024
15691
177921
415379
417222
360816
374643
605321
984916
201814
511497
522670
566219
410130
719869
160310
155749
36134
30251
943722
145968
370943
739129
602356
494374
590785
798552
948626
831322
432768
552784
993873
634912
560935
426202
724637
772330
640013
254011
913120
744916
730964
513989
655151
187579
795439
11362
912476
97859
605629
20396
336776
479962
532380
771337
5485
767499
801621
779147
558050
362741
335744
663998
967918
182679
286166
690641
730491
5991
777157
207643
904475
667386
514245
854077
472472
146427
926542
548591
787925
710623
498835
909050
438718
436921
105573
121839
409536
600007
328789
620397
851364
213026
295363
200865
518262
666156
221678
908023
409001
116334
90485
765399
398017
853904
662214
118517
303762
950578
531015
211614
806909
674995
797587
225266
597093
217366
631234
769000
355076
420038
611522
306979
705067
748534
130654
86221
107513
507
379990
243205
828901
811938
298896
337036
853495
490931
656131
584346
593254
618441
401680
825506
285458
370801
315354
398818
44499
761417
74635
999442
979196
713341
352459
228869
312343
142369
996118
797327
22867
70477
540549
536422
55289
477761
469421
268796
291248
969534
587027
832094
812590
11078
64983
461514
393950
294254
824296
68591
498128
73827
218839
481531
193945
146427
239888
600513
658336
753163
835666
759895
197360
359048
620763
915406
247883
899651
352637
155639
460513
181120
718345
729894
802840
655254
327681
432080
299126
566433
854284
653610
675581
592082
766619
713934
544220
745017
557641
556175
83290
270056
771859
502146
815152
877971
867357
319466
833644
729111
374029
948010
252087
246477
342984
585178
25496
633287
462582
397862
128187
746862
128273
262570
879327
342054
253023
846863
648684
924527
50401
471426
151104
749770
919297
767474
140104
357891
648323
569408
501803
552985
189796
320713
704828
126068
300581
13036
24296
846791
248554
932988
231032
446544
415840
886245
657058
742788
647024
40567
540015
428043
357671
122812
909244
143499
751803
964057
830590
931834
285456
582301
762355
622130
247732
721335
17635
133047
605337
599289
421354
480076
392285
945502
775965
283932
745075
842569
958933
622428
705218
729109
752124
185442
802240
555495
979844
848185
424628
998862
144321
410381
900877
705062
28222
601896
493595
504812
972222
480541
573861
877941
754203
394874
8450
314483
585217
721239
901189
413738
851993
674518
183508
678828
493208
179743
190395
416620
75576
909710
721251
679901
68154
924224
880914
637849
976663
569164
634871
626177
560821
958979
800494
115383
495407
322859
857211
18203
116574
375353
283815
56130
842513
50773
957608
890793
946881
205572
70106
383029
44595
446989
666787
513747
206659
699133
177302
707117
646609
591862
297852
13230
413810
462531
912034
879918
916751
845751
183200
676409
344405
819466
390865
88242
354120
52642
22404
695644
942390
452860
806158
628894
719037
85936
729707
274648
316676
799287
396273
192940
625259
177609
735034
482768
525617
762713
882372
306139
951891
299111
173115
791643
998431
9356
698899
321557
519492
830250
409651
657458
870210
93393
270082
156701
760294
587392
625828
915319
323579
134351
555415
219250
668254
40556
421929
803406
383396
415010
241250
133027
319588
822348
970058
797244
392548
42267
803687
495305
274959
784650
2497
235940
362480
274479
321287
587226
883030
491351
373373
240874
850630
711513
187840
111766
697681
204578
850872
306640
967559
402686
156841
343668
525078
812279
718732
620090
280755
922543
515531
627312
887217
543430
409507
643802
321266
63929
651233
610141
706528
566970
593415
134566
224248
510223
130448
164548
226106
206854
7832
519040
481219
714923
417491
486507
335517
944961
633648
662944
271015
544387
621190
486
490337
691375
530172
295126
568698
77478
608738
654693
656789
978075
669663
894359
552278
637591
466413
302298
135205
454895
337585
866143
228544
47228
969409
405427
199371
735310
860856
523376
316764
855956
518586
101871
838245
794335
107551
367046
616460
353394
349256
190533
117509
260011
957552
92328
388447
432006
203424
693893
486724
801199
713317
924063
642007
189892
828406
911111
74979
69832
462395
969773
966716
194942
299041
336442
522903
427739
295839
895870
173216
54666
396238
698028
725155
931426
377462
87182
672416
103885
341019
856198
985630
308253
638194
891728
745645
806245
157247
991647
417105
303595
526255
699450
399376
487660
458196
11050
568891
353749
232178
176616
98448
438917
371962
113442
863823
517834
132035
781796
66824
134281
516083
916160
169171
856511
16381
655526
728273
797284
957259
50346
289676
748939
368964
529353
710562
872111
45003
580625
567405
10523
266138
846042
185439
475389
759491
717449
871664
326683
725384
139966
82644
357481
366860
508294
265344
485885
907545
398306
759483
146163
706918
992343
451683
970922
6253
624063
214764
925605
652058
533382
757556
184690
253945
686568
9983
352261
201200
404547
91290
5101
295274
373535
217074
712481
314955
250481
402967
582213
29337
724577
362629
545897
963689
882423
381361
69984
683703
243678
694901
760880
10083
498946
525358
37411
395179
525049
669793
194062
599881
130190
556396
702618
812045
986468
209708
799387
126853
730227
709088
62698
588188
603366
729524
310392
261108
526119
542846
312093
65616
949813
296935
800347
242556
846104
965550
458567
990886
564619
492628
7694
171292
599072
316499
10694
343519
120781
309842
608980
721475
76760
173460
9178
891843
449349
246224
429293
237264
404058
566232
812868
288403
466696
742957
492
178231
724006
734088
803003
180240
693182
217890
219973
615327
141664
800241
505624
827246
890479
642170
849813
73294
436679
537122
963199
2161
50596
785534
850794
126827
887915
866716
10791
377489
222968
770773
352862
603312
300130
680305
183594
215474
321336
908295
945512
490748
689698
680982
781775
827394
318177
976971
207493
855073
360809
405286
627044
159432
674788
86518
836408
325514
309657
438239
497987
346550
243345
672866
955205
487449
810578
893764
151040
613168
191523
36444
604605
684095
648001
531391
704908
155533
795483
506264
911054
992551
820560
634091
619924
230666
674110
383449
341834
338563
293050
874260
804572
125016
619656
863545
732263
518288
201652
511671
653662
806999
577380
529663
479857
684599
313357
514283
600633
527660
693149
879487
881280
53518
200914
673040
268538
619938
932300
643266
78905
635654
34539
16749
857560
21035
581120
421481
796474
442972
95759
938979
435993
322049
646555
6299
945487
659287
389687
44695
98227
958011
736475
911234
177057
774272
113343
810670
916850
112914
92150
565892
413979
955797
270324
607398
110113
73198
802024
227146
410483
709884
856507
726999
591971
793977
811137
392280
159245
368224
771465
55690
295899
690800
712638
820879
144330
319055
527466
458534
285276
946529
232661
433084
676952
904000
646194
465232
286729
359156
456838
275325
27774
82438
301037
932870
136380
971290
696643
131901
421225
720342
23156
985134
140682
718772
422375
59147
237623
487782
253604
622837
958309
114176
497485
642198
806988
594353
420502
199642
829396
298901
711815
541095
583487
136407
92994
799553
515220
321454
330083
747223
693820
829383
15565
938498
745211
774501
557100
750447
670713
273028
590585
708468
862087
988362
773585
175831
77054
780772
568372
608540
301790
41795
293161
543704
646102
131443
418987
803362
450432
889319
277883
312888
470836
711061
190497
878658
668628
602428
210323
770063
598292
117941
718962
38735
495648
961259
295236
311762
952149
982582
169662
65551
640343
198986
701225
479175
674129
670954
569367
904797
827334
428959
674523
36578
793380
718637
751496
89257
436671
279724
900576
780989
668323
689882
923643
566734
267307
748851
180510
134788
276682
662146
94652
477612
902051
447356
180011
192767
293074
618922
870307
306497
468259
277183
558954
945974
91681
709192
743720
725586
923410
664278
255315
423021
756461
210980
760574
528212
629154
467076
575908
270477
116524
272506
542825
582883
768247
392293
639786
298020
18827
608660
389525
549855
449139
219542
812602
597576
93456
997568
512889
401919
509905
337316
646578
21071
842328
357911
371396
230333
795210
684512
599049
46666
813650
81555
981063
552376
196179
41758
203944
580392
551767
450006
92021
451299
981807
53276
691400
166888
200973
558162
221986
266348
34328
206749
884973
908809
367272
265724
920458
853189
599636
798898
551495
159744
12907
946523
139256
386606
883898
56187
100606
649196
180971
845701
448922
160513
374803
472232
612092
476260
906434
807108
805890
714686
475979
33803
45355
306284
797236
106609
647861
562031
325375
679141
786460
310479
175426
366408
807633
907611
351537
984970
491327
214120
753339
930373
230142
189198
647908
735701
985004
924821
263654
939427
591973
383185
991240
793799
115473
365907
186604
460771
996389
699842
130543
691211
565397
589094
631441
164313
357268
583726
944258
780711
62976
219357
257473
84014
441785
254312
542304
953950
626483
718641
341861
116047
691315
914350
233260
556586
58820
685852
848044
259982
437616
955977
368001
228346
568413
287843
802284
114138
826304
456003
716960
625022
821980
4480
441989
605097
543622
154510
336279
500273
535596
799269
888482
90498
209632
381845
589263
27335
618762
341628
617507
795225
342689
126533
287117
507121
541828
962151
157235
20521
855990
365468
678604
505657
652143
899688
667726
560372
818536
232026
166813
867427
492222
326637
157181
807173
520726
24490
495695
190503
867004
241218
523646
458220
76543
904098
912863
91995
619306
498722
687941
349222
668654
549222
488211
348273
678140
856058
672903
914451
949690
642962
720321
552866
323165
800325
590602
187926
914703
256591
486386
17673
29761
405190
575042
83508
120995
489028
403543
994114
628870
951552
960711
618300
513045
99819
836171
723164
314230
201171
763929
459203
677205
334512
705207
329174
344151
366256
765573
344994
156039
925872
342851
143345
352820
98407
515214
734133
683169
867181
356413
328204
676348
714771
145208
762509
881371
838837
542660
270589
102359
991987
262289
360528
444160
305561
614561
555452
163611
64685
764937
659846
463643
575205
374775
183539
378958
205415
807509
519576
712736
869363
364989
201521
236750
629659
986014
669366
205390
399314
115753
851640
768873
308301
606711
967752
47022
81211
587486
130719
626339
422908
497519
509899
846714
779383
684092
308207
291926
940836
2459
962635
413498
190556
622800
814956
1747
607985
226883
597917
259389
990759
163921
692729
114019
799497
548041
24525
946232
912237
114225
873726
665429
925816
410289
57936
42797
922755
920877
618971
581390
857566
655606
49043
423104
324065
108384
815570
773224
521624
373151
325174
143461
509413
803349
280764
518296
302196
442348
639143
792406
572451
5979
121593
259089
907914
528930
81072
337358
352338
779637
616471
302693
398794
538893
897788
748205
350798
789333
229233
542376
742828
92864
627430
427089
234004
536001
861198
99322
191254
221804
773055
143341
399013
707853
510906
57794
485377
436692
89656
394831
388560
732470
366520
216318
486228
576726
284955
971878
319338
641600
678732
781646
664070
115937
277867
92922
923719
59333
734021
137990
799895
477234
17869
909530
253945
36973
134060
944999
687664
480934
191120
53334
193712
95308
430839
676825
840954
816816
902974
474809
3655
948669
102756
677483
750498
262869
810966
765967
730622
830940
210878
836608
147971
57699
915025
828071
847693
82482
878316
80169
269992
52382
307245
103219
146778
332297
226230
663422
57452
766317
684314
16791
594745
293940
553598
808655
447819
119821
277598
231917
565899
575692
102051
790831
665914
812932
696969
849109
803026
886983
973496
349704
365938
108406
361404
311184
405954
35666
699321
26804
82424
843211
327739
224609
896194
306371
632407
788091
395641
839754
704540
214819
6518
918673
212196
623327
642440
731000
316344
952616
347048
158666
564258
222022
806335
509448
298363
297416
883359
519909
645420
159825
360677
33678
422539
758373
706913
231472
784526
534628
303552
669199
953190
116964
61800
75282
533651
971915
882589
17887
418725
489697
873985
917970
446398
704650
869270
812841
172424
372923
581447
638625
216561
295065
917504
8972
596561
611016
42312
504419
382534
177234
110435
621999
670254
575883
897884
446829
307134
597015
249201
307387
117835
195063
977392
389799
570716
989185
267749
219145
86953
493362
572749
777851
332999
685844
751878
586128
87887
113813
908485
841692
390652
399127
84151
446075
958588
564273
961258
807585
219021
345483
874973
56730
280942
580419
615156
715017
910736
872048
677684
746275
835142
898550
850577
676268
337877
679489
312222
809639
794184
176278
122489
259115
101483
290120
25916
87175
824338
826478
966286
23025
666116
752405
457751
127815
854469
655704
130634
372349
810067
272673
219923
760099
316705
994065
532239
586335
458843
61920
446092
620905
770257
793668
759030
317901
817843
183176
948712
54041
406035
831120
610696
723159
669447
843474
551848
43820
475084
629480
50298
439208
153405
429912
548377
726647
567267
33229
70852
251042
609981
188605
174038
760287
501115
575720
616708
171660
807298
204469
569275
638953
482795
766682
6590
979826
526107
976968
672296
976179
734541
77100
120581
236920
527043
184890
583870
656742
119517
713081
26444
57267
534857
193140
933828
710281
482503
953234
674205
413499
916593
468615
175214
571338
715744
937760
884031
727994
503103
467851
20026
240336
188242
628447
712465
313964
157954
581323
511866
842071
396690
412526
715249
441995
187570
216926
954155
429778
509664
66891
571941
86870
512266
918425
52675
335521
16595
603695
640000
662699
819330
962456
569213
974434
43674
527924
372791
907728
63747
721326
749371
137142
584822
7792
869522
34204
836315
974076
192462
354162
523721
762721
748539
896916
184028
222822
456940
157671
736826
923236
562750
631464
800888
194949
750489
631068
40481
597001
627411
311585
456120
435828
729397
845508
879311
323385
630729
230064
965343
261258
749410
714564
804174
871037
284531
154964
787295
575648
15695
724767
39417
119649
443385
396955
20205
311444
451915
169457
315446
869702
181359
791734
749410
626862
311523
105516
450507
712207
465301
671540
825664
852961
729000
666323
145352
781470
129868
551198
386491
855760
17529
377328
967949
422588
741180
593159
205602
659747
39080
751741
605956
219246
22185
827634
964181
192120
453563
986893
1621
219638
955036
831578
34907
197525
570478
845097
418441
402540
437757
260188
728847
92722
555702
104056
854275
425900
609449
308294
951098
824213
233106
681662
988730
679218
660792
287086
329261
740215
998963
398429
245997
387885
400547
359580
601221
803279
645764
239867
25909
761406
278843
789790
270913
663821
149366
767335
460236
494872
922092
442945
813536
301640
783775
710415
675455
669275
18695
755569
376345
887825
419195
263433
565745
674660
583842
184522
408415
267685
44379
26167
444606
665076
205163
386570
869978
3075
299487
74607
699534
414172
95524
647969
151191
170781
338106
474327
665499
352474
153338
220784
577021
697233
420059
277911
659587
177308
703285
287101
990208
196463
639704
445147
35231
642103
652371
410659
417237
24470
954707
787997
875576
954280
332625
893722
42907
167934
799962
346666
285401
133518
623747
386401
397351
387729
587742
938026
188214
169468
173530
631315
321541
252053
291815
706129
820505
941184
413065
323412
231948
869034
461720
512680
643531
74471
402650
771688
615699
816954
962354
187269
545658
467537
442091
339403
231571
792195
725831
965829
721408
932638
553859
802290
479989
567530
458402
786321
784466
346324
800062
676529
434442
897725
787635
689542
35653
810086
922883
865291
472862
240277
853714
201544
119760
802223
68243
487159
988120
39751
569692
590932
963298
345769
497474
218514
955476
246595
495579
533923
566537
955439
824979
434478
362751
543145
9349
284128
273908
374369
853686
995731
189499
349843
665275
151602
730169
480566
855336
735123
833368
844956
407250
217148
618623
739993
189617
242670
404408
260577
780323
129011
150574
955570
246725
216158
431351
567984
867782
557291
527822
508661
919965
395495
555283
105484
360799
716695
803617
344998
440479
462699
25605
740485
497941
349895
238996
609793
38638
508904
711491
904303
181221
757672
599083
760191
744696
766048
564877
228281
753726
253597
630310
586872
903074
100904
336288
366156
538337
626528
561586
120675
829915
725235
125205
185010
398646
434967
32218
487553
151882
792687
854861
229197
893886
553468
260574
249124
245584
125714
537514
597830
187226
187182
360086
398929
688209
472408
91418
767142
883912
383414
964158
499113
148724
87164
219520
44124
365034
849342
22940
130628
632926
589244
941194
160337
478138
754914
15582
645579
605957
208576
273339
853551
384910
863357
875509
330138
750090
272068
307426
531442
327363
215977
400606
673369
261668
30060
614735
244414
346535
30149
178395
751182
298663
351375
822650
288324
770854
729942
232146
171680
470915
126591
195930
170819
831698
635585
538083
724946
807701
415161
790291
592491
231084
969735
316828
136883
559818
272546
230710
100848
321473
344559
530101
823662
550028
924535
411518
32286
620667
239603
386104
731467
652962
489164
2084
40766
300394
492793
328208
65293
328046
130515
424511
712185
372529
925477
147479
535498
203456
541505
919329
749411
113769
698767
255561
995718
939424
555409
618365
697149
971036
424008
991614
594650
485130
610229
312902
642971
308506
474271
848490
907221
608098
199023
402931
807535
897786
901418
624776
8580
944558
125196
690395
308097
591859
295666
930836
829577
827268
748320
756266
378510
528734
261959
874605
913422
794116
872909
801981
497129
857717
747818
124343
932589
870836
884485
232224
536183
58815
792084
671177
525525
928888
177795
412017
332990
387759
33328
137759
801840
615426
889714
113117
522486
762854
737268
465454
654627
573081
686667
752224
755034
268885
951961
393822
686460
525861
714505
762623
879112
447620
912962
902344
34643
333086
121079
631581
728597
838519
955775
337439
405816
527489
166989
883488
138626
416018
230161
104735
434815
605037
542902
128570
756767
271433
366618
205185
582370
804257
678123
263975
721847
91445
403981
480147
45905
402377
955528
668368
55019
345782
843623
173644
413480
261131
190288
648024
927701
497514
446158
478489
253314
958302
211872
285416
911389
866865
527341
618645
227941
475138
691276
387317
231665
824057
140038
661098
977879
498101
824722
506746
910757
26231
462542
754225
282417
993632
536150
720294
476680
358453
284499
573735
177500
510516
102978
887458
830769
340861
849975
554097
80279
974068
171952
582736
823909
67223
544905
750296
619682
464316
531186
336181
742930
545069
222417
176253
139855
567062
845861
112568
756284
142072
227246
475448
566515
19073
79397
322917
322885
359880
164445
386957
266526
761643
286298
887393
19145
403604
43358
149961
963280
857857
103769
270375
74598
648623
991596
626029
702279
1708
637738
801922
194756
936162
972977
444211
367219
517619
760376
941202
749351
522125
745725
531311
343558
860234
947220
54911
696336
755357
893637
147191
136500
90590
487152
885469
259897
42187
378672
102296
108059
962883
142331
627555
239490
181095
173243
65520
318302
959113
970717
457279
730324
256033
779194
161005
492620
748241
110713
996372
114909
910748
355667
52616
808637
910844
292181
346113
197137
704078
157010
112288
416754
960470
286253
870107
739105
909241
771527
343112
976714
268613
421089
814164
302383
233118
652981
536112
695105
261978
512533
818354
334573
945302
981353
509250
73570
209416
614843
35644
636756
782597
404077
683558
913201
956529
39686
422175
215020
446335
68370
972166
363859
670497
695787
964119
9983
107286
487739
586873
340289
561620
149586
786090
205702
681547
768034
809908
518986
591050
256719
344939
709811
400385
808286
659050
62828
458398
709183
793974
132343
271896
99882
12507
566789
512837
726248
151435
343304
926889
36325
479783
307488
184229
771145
431557
543788
588780
100805
432936
270771
687026
511218
267645
122939
655542
293034
450584
299011
8783
331384
946243
427971
102210
393406
196653
133891
485471
14513
576927
955969
623967
84732
66075
252972
853459
212252
936305
780935
471380
610243
423862
519000
274216
217953
539962
832510
299368
119316
583088
108692
111748
108574
218254
758147
325720
796659
974272
556950
573397
720631
826862
674487
136682
708304
157283
535145
73270
969093
105412
391936
808656
552880
456218
301601
138551
877738
637392
496415
673365
20410
467289
434968
798956
182661
703980
942748
97722
449251
896836
860727
232745
775206
773270
634508
361077
222961
362414
900836
908441
167437
74121
761670
713244
89112
245991
706580
551301
552818
289860
564932
663017
802447
878563
880349
181394
113948
457483
275175
392609
17519
921568
616214
256451
808862
351533
842764
159570
587982
448509
225163
302922
636531
71699
932326
979255
912261
675986
161435
859435
594559
878298
452797
298477
48429
365611
607567
202824
212292
385699
344439
522199
150272
600240
484816
573088
341602
669699
144016
280267
193672
782524
893152
752702
492175
949667
230807
692117
916468
593450
839285
569436
991295
669793
326900
442116
769406
175980
854188
179185
850555
958568
373744
528397
424828
184541
933954
741531
65238
618185
124189
285974
119566
284904
847124
651975
436468
506779
392573
532223
272177
536743
425467
604750
697836
190837
460288
800232
429108
125605
931199
79476
455249
590996
969801
907325
589847
510748
43614
943625
965186
463344
655273
563778
416977
598613
115240
222277
628271
745105
879111
963484
456078
289086
845464
325973
237268
599775
996778
296063
254173
505822
375747
593633
65655
147369
598871
988189
202704
509735
923926
570147
541226
729417
62645
370430
88027
216133
526677
940299
120246
681952
962273
66964
842962
892087
410509
651686
339988
64838
583459
446059
776560
688514
530627
419075
953362
168082
209398
243657
941223
139219
684053
909925
135408
439562
160588
45615
315007
342088
885067
299161
519840
374743
262377
149118
897826
119220
6160
338858
651328
545791
551465
974325
339192
994290
926756
895704
828589
223483
432661
747408
957396
781961
848879
119455
241085
359574
159422
313910
338658
244624
275146
698971
399795
543725
535485
350509
695004
918745
287812
257077
996530
648172
642380
185183
429184
414964
683726
962701
829323
242802
889790
16888
763178
523453
855105
979936
887723
787607
182686
74368
700667
894972
447074
719084
231198
342668
791486
294429
504982
710097
288631
820436
689552
853142
353223
499912
219083
127820
558922
609150
168977
651339
491992
28319
223248
203997
889445
243146
674999
594648
976445
909574
298487
148081
27936
628100
871873
523716
843443
517604
810586
824933
831118
862673
312734
435541
687873
399569
319693
347596
312239
73772
513330
74982
836366
854561
843072
634477
422201
803752
85417
468996
143285
38632
721220
215325
274171
189624
783279
153026
25404
152405
911094
616918
232844
386495
91378
329650
807248
51834
591592
383056
637135
887540
638637
514403
398804
420402
691640
415609
895913
578701
422488
352795
336712
518826
881866
692527
665571
577379
941985
269332
331002
569969
290923
303552
241018
389385
980805
101442
701126
984710
281722
248636
621837
316767
791187
407054
364556
168783
998007
124498
353081
218874
410322
873474
987882
816694
863061
865718
765595
901336
412736
113148
427466
186570
199163
568240
336026
188006
124993
431648
965993
508963
764944
421652
309038
926161
240178
821394
635924
963388
304092
732911
755506
350241
34651
618180
729354
942780
427833
668383
520434
5783
685577
627735
755069
289928
445731
631514
630187
199781
513903
305955
584691
379886
660629
359658
428220
332672
21157
498646
466978
75393
996230
842566
88948
631735
837513
933902
604381
909848
802957
477497
952406
164063
132903
919573
519463
230135
420576
682240
759840
584044
998691
958431
237703
516425
824061
219774
275520
772596
680423
116219
166780
898741
488537
560298
948267
725829
924483
568658
103826
401627
376248
756884
494708
508395
23797
339017
47190
491054
64839
899545
404598
2199
309091
398068
381552
334425
313907
324220
556124
324524
406800
143534
904651
792062
967603
626280
955093
264342
62328
974964
115845
817629
609930
731937
430205
383823
383285
382908
367378
184937
794409
574722
129319
849826
919643
350090
220910
283503
93536
902351
944342
923894
342796
664295
895096
959935
819739
997161
338809
885857
362668
77826
262572
466632
253064
81104
361473
838235
363883
573026
693088
572509
114685
441707
834925
66499
655500
287795
742847
179169
629395
597778
976500
272084
749689
682717
217070
56117
885061
595247
85891
768145
871119
920412
493878
507669
77901
244960
708350
36800
726702
730088
538973
539375
721736
688457
584105
367344
490642
978137
909934
768834
921388
929361
936138
364474
530446
932503
560869
436712
42008
246422
598971
173001
793061
994873
789716
265700
519426
917112
43231
484053
904399
204180
235804
416508
707984
327888
834651
928965
