560509
560510
560511
560512
560513
560514
560515
560516
560517
560518
560519
560520
560521
560522
560523
560524
560525
560526
560527
560528
560529
560530
560531
560532
560533
560534
560535
560536
560537
560538
560539
560540
560541
560542
560543
560544
560545
560546
560547
560548
560549
560550
560551
560552
560553
560554
560555
560556
560557
560558
560559
560560
560561
560562
560563
560564
560565
560566
560567
560568
560569
560570
560571
560572
560573
560574
560575
560576
560577
560578
560579
560580
560581
560582
560583
560584
560585
560586
560587
560588
560589
560590
560591
560592
560593
560594
560595
560596
560597
560598
560599
560600
560601
560602
560603
560604
560605
560606
560607
560608
560609
560610
560611
560612
560613
560614
560615
560616
560617
560618
560619
560620
560621
560622
560623
560624
560625
560626
560627
560628
560629
560630
560631
560632
560633
560634
560635
560636
560637
560638
560639
560640
560641
560642
560643
560644
560645
560646
560647
560648
560649
560650
560651
560652
560653
560654
560655
560656
560657
560658
560659
560660
560661
560662
560663
560664
560665
560666
560667
560668
560669
560670
560671
560672
560673
560674
560675
560676
560677
560678
560679
560680
560681
560682
560683
560684
560685
560686
560687
560688
560689
560690
560691
560692
560693
560694
560695
560696
560697
560698
560699
560700
560701
560702
560703
560704
560705
560706
560707
560708
560709
560710
560711
560712
560713
560714
560715
560716
560717
560718
560719
560720
560721
560722
560723
560724
560725
560726
560727
560728
560729
560730
560731
560732
560733
560734
560735
560736
560737
560738
560739
560740
560741
560742
560743
560744
560745
560746
560747
560748
560749
560750
560751
560752
560753
560754
560755
560756
560757
560758
560759
560760
560761
560762
560763
560764
560765
560766
560767
560768
560769
560770
560771
560772
560773
560774
560775
560776
560777
560778
560779
560780
560781
560782
560783
560784
560785
560786
560787
560788
560789
560790
560791
560792
560793
560794
560795
560796
560797
560798
560799
560800
560801
560802
560803
560804
560805
560806
560807
560808
560809
560810
560811
560812
560813
560814
560815
560816
560817
560818
560819
560820
560821
560822
560823
560824
560825
560826
560827
560828
560829
560830
560831
560832
560833
560834
560835
560836
560837
560838
560839
560840
560841
560842
560843
560844
560845
560846
560847
560848
560849
560850
560851
560852
560853
560854
560855
560856
560857
560858
560859
560860
560861
560862
560863
560864
560865
560866
560867
560868
560869
560870
560871
560872
560873
560874
560875
560876
560877
560878
560879
560880
560881
560882
560883
560884
560885
560886
560887
560888
560889
560890
560891
560892
560893
560894
560895
560896
560897
560898
560899
560900
560901
560902
560903
560904
560905
560906
560907
560908
560909
560910
560911
560912
560913
560914
560915
560916
560917
560918
560919
560920
560921
560922
560923
560924
560925
560926
560927
560928
560929
560930
560931
560932
560933
560934
560935
560936
560937
560938
560939
560940
560941
560942
560943
560944
560945
560946
560947
560948
560949
560950
560951
560952
560953
560954
560955
560956
560957
560958
560959
560960
560961
560962
560963
560964
560965
560966
560967
560968
560969
560970
560971
560972
560973
560974
560975
560976
560977
560978
560979
560980
560981
560982
560983
560984
560985
560986
560987
560988
560989
560990
560991
560992
560993
560994
560995
560996
560997
560998
560999
561000
561001
561002
561003
561004
561005
561006
561007
561008
561009
561010
561011
561012
561013
561014
561015
561016
561017
561018
561019
561020
561021
561022
561023
561024
561025
561026
561027
561028
561029
561030
561031
561032
561033
561034
561035
561036
561037
561038
561039
561040
561041
561042
561043
561044
561045
561046
561047
561048
561049
561050
561051
561052
561053
561054
561055
561056
561057
561058
561059
561060
561061
561062
561063
561064
561065
561066
561067
561068
561069
561070
561071
561072
561073
561074
561075
561076
561077
561078
561079
561080
561081
561082
561083
561084
561085
561086
561087
561088
561089
561090
561091
561092
561093
561094
561095
561096
561097
561098
561099
561100
561101
561102
561103
561104
561105
561106
561107
561108
561109
561110
561111
561112
561113
561114
561115
561116
561117
561118
561119
561120
561121
561122
561123
561124
561125
561126
561127
561128
561129
561130
561131
561132
561133
561134
561135
561136
561137
561138
561139
561140
561141
561142
561143
561144
561145
561146
561147
561148
561149
561150
561151
561152
561153
561154
561155
561156
561157
561158
561159
561160
561161
561162
561163
561164
561165
561166
561167
561168
561169
561170
561171
561172
561173
561174
561175
561176
561177
561178
561179
561180
561181
561182
561183
561184
561185
561186
561187
561188
561189
561190
561191
561192
561193
561194
561195
561196
561197
561198
561199
561200
561201
561202
561203
561204
561205
561206
561207
561208
561209
561210
561211
561212
561213
561214
561215
561216
561217
561218
561219
561220
561221
561222
561223
561224
561225
561226
561227
561228
561229
561230
561231
561232
561233
561234
561235
561236
561237
561238
561239
561240
561241
561242
561243
561244
561245
561246
561247
561248
561249
561250
561251
561252
561253
561254
561255
561256
561257
561258
561259
561260
561261
561262
561263
561264
561265
561266
561267
561268
561269
561270
561271
561272
561273
561274
561275
561276
561277
561278
561279
561280
561281
561282
561283
561284
561285
561286
561287
561288
561289
561290
561291
561292
561293
561294
561295
561296
561297
561298
561299
561300
561301
561302
561303
561304
561305
561306
561307
561308
561309
561310
561311
561312
561313
561314
561315
561316
561317
561318
561319
561320
561321
561322
561323
561324
561325
561326
561327
561328
561329
561330
561331
561332
561333
561334
561335
561336
561337
561338
561339
561340
561341
561342
561343
561344
561345
561346
561347
561348
561349
561350
561351
561352
561353
561354
561355
561356
561357
561358
561359
561360
561361
561362
561363
561364
561365
561366
561367
561368
561369
561370
561371
561372
561373
561374
561375
561376
561377
561378
561379
561380
561381
561382
561383
561384
561385
561386
561387
561388
561389
561390
561391
561392
561393
561394
561395
561396
561397
561398
561399
561400
561401
561402
561403
561404
561405
561406
561407
561408
561409
561410
561411
561412
561413
561414
561415
561416
561417
561418
561419
561420
561421
561422
561423
561424
561425
561426
561427
561428
561429
561430
561431
561432
561433
561434
561435
561436
561437
561438
561439
561440
561441
561442
561443
561444
561445
561446
561447
561448
561449
561450
561451
561452
561453
561454
561455
561456
561457
561458
561459
561460
561461
561462
561463
561464
561465
561466
561467
561468
561469
561470
561471
561472
561473
561474
561475
561476
561477
561478
561479
561480
561481
561482
561483
561484
561485
561486
561487
561488
561489
561490
561491
561492
561493
561494
561495
561496
561497
561498
561499
561500
561501
561502
561503
561504
561505
561506
561507
561508
